#L1 ith=3500
6 0.099443 0.000425661
7 0.0629405 0.00034435
8 0.0428545 0.000299702
9 0.0264901 0.000251363
10 0.0153436 0.000203458
11 0.0135595 0.000201071
12 0.0135587 0.000209851
13 0.0125848 0.000210898
14 0.0130421 0.000223194

6 0.612494 0.000982935
7 0.122325 0.000658345
8 0.0196041 0.000289813
9 0.0153021 0.000271413
10 0.0141035 0.000275804
11 0.0135966 0.00028494
12 0.013386 0.000294887
13 0.0125845 0.000298673
14 0.0131053 0.000316414
15 0.0127395 0.000323188
16 0.0124012 0.000329491
17 0.0121264 0.000334797
18 0.0112403 0.000330452
19 0.0109472 0.00033471
